1 0.73046875 0.17578125 0.39453125 0.15234375
1 0.28515625 0.17890625 0.16796875 0.30390625
1 0.7453125 0.309375 0.340625 0.13984375
1 0.753125 0.40546875 0.38125 0.08828125
1 0.121875 0.41015625 0.153125 0.27734375
1 0.26875 0.45078125 0.134375 0.26015625
1 0.77109375 0.5578125 0.42109375 0.15546875
1 0.70546875 0.65234375 0.26484375 0.06171875
1 0.19453125 0.68046875 0.1265625 0.3
1 0.76875 0.7671875 0.3578125 0.1359375
1 0.084375 0.846875 0.15625 0.30625
1 0.2796875 0.85625 0.10234375 0.253125
1 0.77265625 0.903125 0.37109375 0.1453125