1 0.5046875 0.228125 0.2078125 0.1109375
1 0.68984375 0.240625 0.13828125 0.0296875
1 0.2984375 0.2953125 0.19375 0.21796875
1 0.8578125 0.33828125 0.1890625 0.08984375
1 0.434375 0.3390625 0.1328125 0.08828125
1 0.6796875 0.3421875 0.14296875 0.04609375
1 0.63828125 0.40859375 0.26328125 0.1953125
1 0.45625 0.428125 0.13828125 0.1140625
1 0.2171875 0.4546875 0.25703125 0.1296875
1 0.41640625 0.47109375 0.15625 0.034375
1 0.37421875 0.54375 0.1265625 0.11875
1 0.778125 0.565625 0.23125 0.28515625
1 0.77890625 0.57734375 0.23203125 0.3
1 0.5375 0.58515625 0.2703125 0.128125
1 0.8484375 0.646875 0.10390625 0.11875
1 0.3359375 0.653125 0.13984375 0.0609375
1 0.20703125 0.68828125 0.19765625 0.1890625
1 0.609375 0.746875 0.11640625 0.1390625
1 0.7296875 0.753125 0.1375 0.14609375
1 0.5171875 0.75703125 0.146875 0.0578125
1 0.33203125 0.7890625 0.21953125 0.11171875