1 0.45703125 0.53671875 0.04921875 0.715625
1 0.60234375 0.56328125 0.0453125 0.684375
1 0.3828125 0.5734375 0.0453125 0.6421875
1 0.53125 0.6 0.04375 0.61015625
1 0.6671875 0.60546875 0.03984375 0.61015625
1 0.3078125 0.6078125 0.0421875 0.56328125
1 0.1265625 0.6234375 0.034375 0.5421875
1 0.06640625 0.6265625 0.03828125 0.54765625
1 0.1921875 0.6421875 0.07109375 0.484375
1 0.2453125 0.66875 0.04375 0.484375
1 0.8109375 0.6765625 0.03671875 0.46875
1 0.87421875 0.68125 0.0578125 0.46875
1 0.93515625 0.70234375 0.034375 0.44765625
1 0.7390625 0.4765625 0.05234375 0.9