1 0.846875 0.278125 0.20234375 0.2296875
1 0.796875 0.31328125 0.19453125 0.23203125
1 0.75703125 0.32734375 0.18359375 0.2359375
1 0.734375 0.36640625 0.2203125 0.30546875
1 0.67421875 0.36796875 0.17265625 0.2609375
1 0.6265625 0.38671875 0.16640625 0.27890625
1 0.58046875 0.41796875 0.190625 0.3515625
1 0.45390625 0.459375 0.12421875 0.31484375
1 0.52734375 0.4609375 0.17421875 0.36484375
1 0.415625 0.52578125 0.15859375 0.40859375
1 0.27890625 0.56640625 0.121875 0.42421875
1 0.3625 0.58359375 0.159375 0.5015625
1 0.19609375 0.5953125 0.103125 0.45546875
1 0.11953125 0.6296875 0.07734375 0.4