1 0.1421875 0.4921875 0.12421875 0.4078125
1 0.2703125 0.528125 0.0921875 0.35234375
1 0.628125 0.54375 0.0640625 0.328125
1 0.365625 0.55234375 0.1 0.31171875
1 0.45625 0.55390625 0.0796875 0.2921875
1 0.54375 0.571875 0.0796875 0.271875
1 0.69375 0.59375 0.04375 0.20390625
1 0.7359375 0.59765625 0.03203125 0.20390625
1 0.7796875 0.60234375 0.02421875 0.19609375
1 0.81796875 0.61171875 0.0359375 0.16796875
1 0.89609375 0.6140625 0.03984375 0.15625
1 0.85625 0.61796875 0.03984375 0.1640625
1 0.93828125 0.6421875 0.0359375 0.13984375