2 0.68125 0.60625 0.2859375 0.43515625
2 0.66640625 0.75625 0.14921875 0.165625
2 0.5 0.6265625 0.121875 0.165625
2 0.3953125 0.61953125 0.2859375 0.4296875
2 0.20234375 0.79296875 0.0765625 0.1140625
2 0.121875 0.74609375 0.1296875 0.1453125
2 0.103125 0.80859375 0.08359375 0.10390625
2 0.2140625 0.60859375 0.22109375 0.28515625
2 0.84921875 0.76953125 0.1109375 0.10859375
2 0.82265625 0.83125 0.05703125 0.0671875
2 0.8875 0.81875 0.05703125 0.0828125
2 0.946875 0.8421875 0.0609375 0.07734375
2 0.95625 0.7953125 0.08046875 0.11953125
2 0.92734375 0.71796875 0.08359375 0.1296875
2 0.95234375 0.5546875 0.0875 0.20703125
2 0.9828125 0.69453125 0.0265625 0.10390625
2 0.0421875 0.696875 0.08359375 0.15
2 0.05 0.59609375 0.09921875 0.1453125
2 0.06875 0.47890625 0.1375 0.17109375
2 0.121875 0.3625 0.2140625 0.2484375
2 0.62421875 0.240625 0.171875 0.20234375
2 0.725 0.15 0.30546875 0.28984375
2 0.83046875 0.18671875 0.14140625 0.228125
2 0.93125 0.24375 0.1296875 0.43515625
2 0.40234375 0.17109375 0.33203125 0.3421875
2 0.57578125 0.0515625 0.1515625 0.103125
2 0.81328125 0.03125 0.121875 0.0625
2 0.9359375 0.0359375 0.11875 0.071875
2 0.975 0.11953125 0.0421875 0.07265625
2 0.70390625 0.00546875 0.0953125 0.01015625
2 0.20625 0.13203125 0.053125 0.07734375
2 0.2484375 0.0984375 0.02265625 0.0625
2 0.24453125 0.04921875 0.04609375 0.07734375
2 0.19453125 0.0546875 0.04609375 0.07734375
2 0.16796875 0.0234375 0.06875 0.046875
2 0.1296875 0.0671875 0.053125 0.07265625
2 0.16796875 0.10859375 0.03828125 0.0625
2 0.14296875 0.134375 0.05 0.0515625
2 0.196875 0.196875 0.06484375 0.09296875
2 0.13359375 0.19453125 0.053125 0.0671875
2 0.08203125 0.19921875 0.05703125 0.07734375
2 0.08203125 0.121875 0.06484375 0.08828125
2 0.09765625 0.0671875 0.0265625 0.04140625
2 0.0421875 0.16328125 0.03828125 0.07734375
2 0.03984375 0.240625 0.0421875 0.0671875
2 0.06484375 0.134375 0.1296875 0.26875
2 0.84765625 0.5984375 0.121875 0.275
0 0.81328125 0.5078125 0.2828125 0.43515625