2 0.32109375 0.79140625 0.1203125 0.2265625
2 0.29765625 0.86640625 0.1140625 0.24375
2 0.240625 0.82734375 0.2671875 0.33359375
2 0.3078125 0.9671875 0.140625 0.05390625
2 0.11171875 0.871875 0.14375 0.24375
2 0.259375 0.20546875 0.2640625 0.4109375
2 0.9234375 0.20234375 0.1140625 0.2140625
2 0.98828125 0.184375 0.01640625 0.17890625
2 0.953125 0.39296875 0.08671875 0.190625
2 0.83125 0.27109375 0.096875 0.184375
2 0.8359375 0.0984375 0.08046875 0.19609375
2 0.91171875 0.20859375 0.096875 0.38125
2 0.63046875 0.2265625 0.11015625 0.2140625
2 0.87421875 0.7765625 0.10390625 0.1484375
2 0.7671875 0.746875 0.08359375 0.11328125
2 0.946875 0.7109375 0.1 0.26796875
2 0.91953125 0.5953125 0.140625 0.2265625
2 0.80078125 0.63125 0.11015625 0.1546875
2 0.8546875 0.92265625 0.15078125 0.13125
2 0.96328125 0.91640625 0.0671875 0.1546875
2 0.759375 0.86015625 0.08046875 0.1484375
0 0.62890625 0.2203125 0.10703125 0.20234375
0 0.70234375 0.05390625 0.12734375 0.10703125
0 0.55546875 0.04765625 0.1140625 0.0953125
0 0.0234375 0.11328125 0.046875 0.13125
0 0.68203125 0.7109375 0.08046875 0.54140625
0 0.60703125 0.76796875 0.0703125 0.45234375