2 0.4765625 0.29140625 0.49453125 0.16328125
2 0.096875 0.471875 0.16796875 0.55625
2 0.23515625 0.4171875 0.13515625 0.14296875
2 0.54765625 0.41015625 0.121875 0.13359375
2 0.6140625 0.48828125 0.09765625 0.1015625
2 0.9109375 0.37578125 0.08984375 0.08125
2 0.8203125 0.4015625 0.1359375 0.1484375
2 0.78515625 0.59296875 0.121875 0.11640625
2 0.4984375 0.60078125 0.21328125 0.21484375
2 0.8234375 0.246875 0.18984375 0.14765625
2 0.92265625 0.5328125 0.1546875 0.165625
2 0.27578125 0.63125 0.11171875 0.23671875
2 0.4234375 0.1796875 0.03203125 0.103125
2 0.30390625 0.2 0.2 0.08125
2 0.72421875 0.34296875 0.0859375 0.04375
2 0.65703125 0.14765625 0.10546875 0.12734375
2 0.28125 0.09375 0.09609375 0.14375
2 0.55703125 0.09296875 0.1640625 0.09140625
2 0.51328125 0.15546875 0.1546875 0.11953125