2 0.4875 0.38125 0.60390625 0.184375
2 0.21875 0.55546875 0.16015625 0.15078125
2 0.68828125 0.70859375 0.1890625 0.1421875
2 0.30078125 0.6921875 0.18203125 0.14921875
2 0.43203125 0.59765625 0.221875 0.20859375
2 0.6828125 0.55703125 0.29375 0.19296875
2 0.74453125 0.053125 0.1984375 0.10625
2 0.09375 0.40859375 0.18671875 0.2046875
2 0.134375 0.10234375 0.1515625 0.15078125
2 0.2859375 0.1765625 0.16171875 0.14921875
2 0.44140625 0.23671875 0.16640625 0.1578125
2 0.79375 0.2453125 0.17265625 0.17109375
2 0.640625 0.18984375 0.1828125 0.20234375