2 0.2875 0.05859375 0.11875 0.1171875
2 0.56796875 0.08984375 0.14375 0.1046875
2 0.5125 0.28359375 0.50390625 0.1578125
2 0.1015625 0.44453125 0.203125 0.60859375
2 0.55390625 0.60234375 0.25390625 0.221875
2 0.828125 0.2765625 0.18828125 0.1625
2 0.73359375 0.46875 0.14609375 0.1421875
2 0.9234375 0.553125 0.15234375 0.1375
2 0.675 0.1609375 0.109375 0.11328125
2 0.58359375 0.415625 0.1359375 0.12421875
2 0.25625 0.38671875 0.15546875 0.146875
2 0.80859375 0.60546875 0.13515625 0.1265625
2 0.390625 0.44296875 0.16640625 0.17109375
2 0.83046875 0.41875 0.1125 0.1265625
2 0.33515625 0.62109375 0.25078125 0.26875
2 0.29609375 0.16328125 0.17734375 0.1359375