2 0.53359375 0.12421875 0.57734375 0.16015625
2 0.1265625 0.5203125 0.2421875 0.61796875
2 0.446875 0.2703125 0.2703125 0.19296875
2 0.7640625 0.284375 0.27734375 0.1734375
2 0.5375 0.41640625 0.16171875 0.16640625
2 0.69140625 0.42421875 0.17265625 0.1640625
2 0.303125 0.52890625 0.1828125 0.2046875
2 0.896875 0.50234375 0.20625 0.21796875
2 0.621875 0.56796875 0.4328125 0.1359375
2 0.54296875 0.67578125 0.29296875 0.1203125
2 0.64609375 0.80234375 0.21953125 0.18203125
2 0.8734375 0.74765625 0.25234375 0.184375