2 0.228125 0.4546875 0.1578125 0.4703125
2 0.075 0.471875 0.15 0.46875
2 0.3796875 0.13828125 0.1140625 0.1140625
2 0.6140625 0.128125 0.13671875 0.0875
2 0.39609375 0.59609375 0.16796875 0.20546875
2 0.34140625 0.41015625 0.10546875 0.1140625
2 0.4421875 0.4484375 0.12734375 0.13359375
2 0.83359375 0.41484375 0.1234375 0.13359375
2 0.8015625 0.575 0.09765625 0.10546875
2 0.6359375 0.30546875 0.10625 0.1
2 0.70625 0.18984375 0.09765625 0.1296875
2 0.6140625 0.4125 0.09921875 0.09453125
2 0.54375 0.19609375 0.0515625 0.1375
2 0.38359375 0.2265625 0.15 0.08203125
2 0.49140625 0.20859375 0.07421875 0.08984375
2 0.721875 0.59453125 0.0921875 0.146875
2 0.7484375 0.3640625 0.08984375 0.04609375
2 0.92734375 0.39453125 0.07109375 0.0921875
2 0.659375 0.47734375 0.0734375 0.07578125
2 0.46953125 0.31640625 0.196875 0.128125
2 0.8515625 0.27578125 0.153125 0.13046875
2 0.9234375 0.53125 0.1390625 0.15390625
2 0.60546875 0.19609375 0.09296875 0.11484375
2 0.559375 0.57109375 0.16953125 0.15703125