2 0.10625 0.596875 0.2125 0.66796875
2 0.59140625 0.37734375 0.58671875 0.1546875
2 0.4234375 0.57421875 0.16875 0.19375
2 0.93515625 0.54765625 0.1296875 0.1828125
2 0.7859375 0.23515625 0.13671875 0.1515625
2 0.63984375 0.5359375 0.16484375 0.14140625
2 0.2828125 0.52578125 0.15 0.153125
2 0.8828125 0.77421875 0.15859375 0.13984375
2 0.3703125 0.24375 0.2359375 0.1515625
2 0.6328125 0.234375 0.16953125 0.16796875
2 0.51953125 0.2390625 0.06875 0.121875
2 0.32265625 0.771875 0.20546875 0.24921875
2 0.7625 0.63203125 0.07890625 0.31796875