2 0.55546875 0.8796875 0.72265625 0.1953125
2 0.4015625 0.446875 0.15703125 0.5203125
2 0.26640625 0.24453125 0.14375 0.15546875
2 0.51875 0.71328125 0.14609375 0.1421875
2 0.58046875 0.5734375 0.190625 0.18203125
2 0.3953125 0.1203125 0.1890625 0.1640625
2 0.75703125 0.45703125 0.2109375 0.2203125
2 0.70703125 0.09140625 0.15078125 0.13359375
2 0.6140625 0.24765625 0.15078125 0.13125
2 0.10546875 0.6359375 0.1375 0.13359375
2 0.13203125 0.3265625 0.13359375 0.1421875
2 0.640625 0.35 0.08359375 0.0953125
2 0.53203125 0.078125 0.075 0.07578125
2 0.55078125 0.3953125 0.13984375 0.15078125
2 0.23359375 0.61328125 0.16875 0.284375
2 0.21953125 0.39765625 0.184375 0.15546875
2 0.79921875 0.6734375 0.24609375 0.21796875