0 0.89296875 0.746875 0.115625 0.3109375
0 0.83984375 0.284375 0.21328125 0.1953125
0 0.59296875 0.29140625 0.21796875 0.2
0 0.5203125 0.74921875 0.15078125 0.32421875
0 0.3625 0.28203125 0.18203125 0.21796875
0 0.1375 0.2578125 0.15078125 0.24921875
0 0.13125 0.7046875 0.1203125 0.41328125
0 0.321875 0.76875 0.1375 0.27578125
0 0.70859375 0.75546875 0.12890625 0.30234375
0 0.89140625 0.5734375 0.084375 0.04453125
0 0.8359375 0.1734375 0.16015625 0.0265625
0 0.5953125 0.17578125 0.15078125 0.03125
0 0.3625 0.1578125 0.1640625 0.03125
0 0.70859375 0.578125 0.07578125 0.0625
0 0.5203125 0.56640625 0.0890625 0.03125
0 0.321875 0.5890625 0.1375 0.09296875
0 0.1359375 0.1203125 0.146875 0.0359375