0 0.778125 0.75078125 0.16015625 0.23984375
0 0.6203125 0.478125 0.19140625 0.253125
0 0.50703125 0.1890625 0.2046875 0.2625
0 0.50703125 0.43125 0.0359375 0.21328125
0 0.4 0.4796875 0.18671875 0.26640625
0 0.6109375 0.81328125 0.2 0.24921875
0 0.41328125 0.8203125 0.1953125 0.2796875
0 0.26640625 0.7375 0.10703125 0.2578125
0 0.76875 0.60234375 0.16875 0.10234375
0 0.61796875 0.321875 0.178125 0.07578125
0 0.4953125 0.28671875 0.1734375 0.07578125
0 0.5109375 0.0359375 0.18671875 0.07109375
0 0.4 0.3265625 0.16875 0.07578125
0 0.53125 0.5796875 0.1109375 0.07578125
0 0.4203125 0.6640625 0.19140625 0.10234375
0 0.621875 0.64921875 0.1953125 0.115625
0 0.2890625 0.58671875 0.1421875 0.09765625
0 0.3640625 0.51796875 0.15078125 0.07578125
0 0.55078125 0.47578125 0.13359375 0.07109375