0 0.8640625 0.9046875 0.146875 0.1109375
0 0.93984375 0.846875 0.1109375 0.1203125
0 0.96015625 0.9203125 0.07109375 0.0796875
0 0.70859375 0.921875 0.1109375 0.09296875
0 0.70234375 0.8421875 0.12421875 0.06640625
0 0.76875 0.83125 0.12421875 0.09765625
0 0.8578125 0.74921875 0.1421875 0.1375
0 0.94453125 0.77578125 0.10234375 0.09296875
0 0.9265625 0.6796875 0.1375 0.10703125
0 0.921875 0.55078125 0.146875 0.16015625
0 0.91796875 0.41796875 0.15546875 0.16015625
0 0.84453125 0.2578125 0.2046875 0.115625
0 0.96015625 0.26640625 0.07109375 0.16875
0 0.8953125 0.121875 0.15546875 0.1109375
0 0.953125 0.13359375 0.084375 0.16015625
0 0.76015625 0.1640625 0.10703125 0.115625
0 0.7734375 0.0734375 0.0796875 0.1109375
0 0.89140625 0.0421875 0.15546875 0.06640625
0 0.69765625 0.3203125 0.12421875 0.16015625
0 0.69296875 0.43984375 0.09765625 0.0890625
0 0.7359375 0.50859375 0.084375 0.07578125
0 0.80234375 0.51328125 0.084375 0.07578125
0 0.76640625 0.57109375 0.146875 0.07578125
0 0.8109375 0.63359375 0.10234375 0.10234375
0 0.7359375 0.653125 0.084375 0.0890625
0 0.7625 0.73984375 0.09296875 0.1109375
0 0.6890625 0.753125 0.12421875 0.1203125
0 0.0265625 0.046875 0.053125 0.084375
0 0.08203125 0.053125 0.06640625 0.0796875
0 0.146875 0.04453125 0.0796875 0.0796875
0 0.22421875 0.0375 0.084375 0.0578125
0 0.29140625 0.0359375 0.04921875 0.04453125
0 0.36015625 0.0375 0.07109375 0.04921875
0 0.41328125 0.04921875 0.0359375 0.07109375
0 0.46015625 0.03125 0.07578125 0.04453125
0 0.59296875 0.178125 0.10234375 0.16015625
0 0.70234375 0.1359375 0.09765625 0.1640625
0 0.515625 0.0953125 0.1421875 0.1203125
0 0.578125 0.04921875 0.16015625 0.0796875
0 0.72421875 0.05546875 0.13359375 0.084375
0 0.415625 0.1359375 0.084375 0.09296875
0 0.35078125 0.12890625 0.115625 0.0625
0 0.3359375 0.18671875 0.1109375 0.07109375
0 0.4375 0.23125 0.12890625 0.115625
0 0.515625 0.21796875 0.0890625 0.0890625
0 0.4375 0.3359375 0.146875 0.084375
0 0.578125 0.29296875 0.12421875 0.10703125
0 0.4796875 0.753125 0.18671875 0.1203125
0 0.43125 0.83125 0.10703125 0.0625
0 0.50859375 0.878125 0.1109375 0.12890625
0 0.44453125 0.89765625 0.12421875 0.12421875
0 0.37109375 0.8890625 0.10234375 0.115625
0 0.48671875 0.6109375 0.1109375 0.146875
0 0.584375 0.59765625 0.1203125 0.1109375
0 0.60703125 0.515625 0.1203125 0.13359375
0 0.5578125 0.4265625 0.1203125 0.0890625
0 0.5109375 0.4625 0.16875 0.1421875
0 0.34921875 0.4578125 0.10234375 0.12421875
0 0.321875 0.5578125 0.07578125 0.1109375
0 0.40234375 0.6109375 0.084375 0.07578125
0 0.35078125 0.67109375 0.07109375 0.10703125
0 0.2359375 0.10859375 0.115625 0.084375
0 0.23984375 0.184375 0.0890625 0.09296875
0 0.03125 0.12890625 0.053125 0.10703125
0 0.11328125 0.1375 0.1203125 0.0625
0 0.1578125 0.19296875 0.10234375 0.06640625
0 0.08203125 0.21796875 0.04921875 0.0890625
0 0.14453125 0.27578125 0.1203125 0.09765625
0 0.2203125 0.34921875 0.18203125 0.146875
0 0.32421875 0.30234375 0.1421875 0.13359375
0 0.16875 0.3953125 0.12421875 0.0890625
0 0.253125 0.47578125 0.12421875 0.09765625
0 0.153125 0.4578125 0.07578125 0.07109375
0 0.078125 0.40234375 0.12890625 0.15546875
0 0.0421875 0.47109375 0.084375 0.15078125
0 0.10234375 0.515625 0.115625 0.0890625
0 0.1203125 0.578125 0.1421875 0.115625
0 0.246875 0.646875 0.1109375 0.12890625
0 0.20859375 0.5578125 0.10703125 0.06640625
0 0.121875 0.66640625 0.12890625 0.1421875
0 0.22890625 0.76640625 0.10234375 0.07578125
0 0.33359375 0.7796875 0.1421875 0.1203125
0 0.27109375 0.8578125 0.13359375 0.09765625
0 0.284375 0.9109375 0.12421875 0.10703125
0 0.07109375 0.846875 0.0796875 0.0578125
0 0.1109375 0.87578125 0.10703125 0.0890625
0 0.19765625 0.83984375 0.1203125 0.10703125
0 0.04921875 0.921875 0.09765625 0.084375
0 0.02890625 0.81796875 0.0578125 0.16015625
0 0.12890625 0.7890625 0.1421875 0.09296875
0 0.02890625 0.69296875 0.0578125 0.09765625
0 0.02890625 0.5953125 0.0578125 0.10703125
0 0.0421875 0.32421875 0.084375 0.1421875
0 0.0359375 0.21796875 0.07109375 0.0796875
0 0.83125 0.4203125 0.178125 0.1640625