0 0.46484375 0.74765625 0.2625 0.31640625
0 0.08203125 0.68359375 0.1640625 0.4578125
0 0.25390625 0.70390625 0.20234375 0.27265625
0 0.31953125 0.50703125 0.28984375 0.0984375
0 0.64765625 0.5546875 0.37734375 0.35234375
0 0.6609375 0.709375 0.1203125 0.21796875
0 0.47578125 0.56875 0.240625 0.0546875
0 0.6171875 0.56328125 0.2078125 0.0578125
0 0.64453125 0.3578125 0.2734375 0.03984375
0 0.3171875 0.43125 0.2734375 0.03984375
0 0.26796875 0.52890625 0.2078125 0.06171875
0 0.08984375 0.41640625 0.1796875 0.0765625