0 0.72421875 0.55546875 0.23125 0.453125
0 0.7953125 0.45546875 0.18671875 0.378125
0 0.86015625 0.38203125 0.1640625 0.32890625
0 0.47578125 0.55546875 0.23125 0.453125
0 0.22890625 0.54453125 0.24453125 0.43984375
0 0.67578125 0.38203125 0.15078125 0.32890625
0 0.58203125 0.44921875 0.16875 0.3640625
0 0.3796875 0.446875 0.18203125 0.36875
0 0.17109375 0.4421875 0.18203125 0.36875
0 0.315625 0.378125 0.15078125 0.3203125
0 0.5 0.3109375 0.146875 0.18671875
0 0.1265625 0.315625 0.15546875 0.1953125