0 0.63515625 0.8671875 0.1578125 0.253125
0 0.63515625 0.75625 0.04609375 0.11484375
0 0.6859375 0.77734375 0.0296875 0.084375
0 0.6546875 0.56328125 0.16484375 0.15078125
0 0.7125 0.6984375 0.2140625 0.3734375
0 0.8703125 0.746875 0.06875 0.15625
0 0.91953125 0.840625 0.05625 0.1265625
0 0.90625 0.59375 0.04921875 0.090625
0 0.76171875 0.425 0.14765625 0.22265625
0 0.840625 0.425 0.04296875 0.15078125
0 0.8734375 0.39453125 0.04921875 0.1984375
0 0.9390625 0.4609375 0.10234375 0.11484375
0 0.9109375 0.31640625 0.04609375 0.11484375
0 0.965625 0.35546875 0.04296875 0.0484375
0 0.96875 0.16875 0.05625 0.084375
0 0.91796875 0.06640625 0.0265625 0.0484375
0 0.89765625 0.10859375 0.0328125 0.0359375
0 0.85234375 0.2046875 0.05234375 0.084375
0 0.79296875 0.15390625 0.0265625 0.090625
0 0.8140625 0.0515625 0.06875 0.10234375
0 0.73984375 0.078125 0.05234375 0.15625
0 0.74140625 0.25 0.04921875 0.090625
0 0.6625 0.26796875 0.0296875 0.0421875
0 0.67265625 0.0875 0.0296875 0.090625
0 0.625 0.2109375 0.0984375 0.09609375
0 0.59375 0.35234375 0.0890625 0.11484375
0 0.653125 0.53046875 0.3125 0.240625
0 0.47890625 0.7984375 0.1546875 0.33125
0 0.38125 0.8734375 0.05234375 0.084375
0 0.45859375 0.55390625 0.1546875 0.26484375
0 0.33203125 0.575 0.125 0.246875
0 0.4953125 0.26171875 0.0625 0.175
0 0.5359375 0.165625 0.07265625 0.090625
0 0.5359375 0.07265625 0.10546875 0.14453125
0 0.60859375 0.0421875 0.13125 0.084375
0 0.4359375 0.0484375 0.11484375 0.09609375
0 0.36328125 0.1234375 0.1546875 0.1625
0 0.28125 0.06015625 0.0890625 0.06015625
0 0.34375 0.2109375 0.20703125 0.2046875
0 0.41796875 0.2109375 0.0328125 0.07265625
0 0.32109375 0.25 0.1609375 0.13828125
0 0.39296875 0.35546875 0.1609375 0.084375
0 0.3484375 0.38515625 0.11875 0.09609375
0 0.23515625 0.3703125 0.14140625 0.11484375
0 0.13125 0.50625 0.2625 0.084375
0 0.10234375 0.61484375 0.20390625 0.27734375
0 0.11640625 0.63828125 0.121875 0.1328125
0 0.28125 0.84609375 0.14140625 0.23515625
0 0.11171875 0.75625 0.065625 0.06640625
0 0.17578125 0.753125 0.0625 0.07265625
0 0.13828125 0.85546875 0.1515625 0.240625
0 0.11015625 0.90078125 0.07578125 0.18671875
0 0.17421875 0.94296875 0.065625 0.10234375
0 0.16484375 0.38515625 0.17734375 0.240625
0 0.07109375 0.2046875 0.128125 0.16875
0 0.16640625 0.2140625 0.06875 0.06640625
0 0.190625 0.159375 0.05234375 0.090625
0 0.184375 0.06015625 0.0921875 0.1203125
0 0.04609375 0.090625 0.065625 0.07265625
0 0.54296875 0.3796875 0.059375 0.0359375