0 0.23671875 0.5359375 0.1609375 0.375
0 0.390625 0.56953125 0.1296875 0.28984375
0 0.515625 0.58515625 0.1203125 0.2234375
0 0.6296875 0.58515625 0.0984375 0.20546875
0 0.72734375 0.59609375 0.0984375 0.1828125
0 0.82578125 0.60078125 0.08046875 0.15625
0 0.82578125 0.4890625 0.07109375 0.0671875
0 0.7296875 0.46640625 0.0671875 0.0671875
0 0.6296875 0.44609375 0.07109375 0.07109375
0 0.515625 0.4421875 0.07578125 0.07109375
0 0.38828125 0.38203125 0.07109375 0.0671875
0 0.234375 0.3171875 0.07578125 0.07109375