0 0.840625 0.57578125 0.21328125 0.671875
0 0.6234375 0.6328125 0.175 0.546875
0 0.44140625 0.67421875 0.14453125 0.453125
0 0.290625 0.70859375 0.11015625 0.375
0 0.17109375 0.75546875 0.08359375 0.28125
0 0.07421875 0.77109375 0.06484375 0.23984375
0 0.85 0.140625 0.11015625 0.20859375
0 0.6234375 0.25546875 0.10625 0.19765625
0 0.44296875 0.34921875 0.10234375 0.20859375
0 0.28671875 0.41953125 0.0953125 0.203125
0 0.17109375 0.52109375 0.09140625 0.19765625
0 0.0703125 0.57265625 0.071875 0.14609375