0 0.95 0.85 0.0796875 0.1203125
0 0.9453125 0.71015625 0.1 0.11015625
0 0.9625 0.6203125 0.06484375 0.05
0 0.9625 0.5671875 0.0546875 0.075
0 0.8625 0.22265625 0.075 0.075
0 0.83984375 0.1546875 0.0796875 0.0703125
0 0.78984375 0.09765625 0.05 0.0453125
0 0.7671875 0.025 0.08515625 0.05
0 0.25 0.025 0.06015625 0.05
0 0.1125 0.25234375 0.075 0.08515625
0 0.0671875 0.1046875 0.075 0.1203125
0 0.17734375 0.9046875 0.0453125 0.06015625
0 0.1 0.73984375 0.1 0.0796875
0 0.26484375 0.9546875 0.0796875 0.0703125
0 0.325 0.92265625 0.0796875 0.075
0 0.36484375 0.97265625 0.0796875 0.0453125
0 0.425 0.9546875 0.11015625 0.0796875
0 0.54765625 0.9703125 0.1453125 0.05
0 0.62734375 0.97265625 0.0953125 0.0453125
0 0.7296875 0.96015625 0.1203125 0.0703125
0 0.7796875 0.93515625 0.11015625 0.11015625
0 0.83984375 0.8953125 0.1 0.1
0 0.86484375 0.8125 0.0796875 0.06484375
0 0.8953125 0.4078125 0.0796875 0.0953125
0 0.91484375 0.46015625 0.05 0.0703125
0 0.8421875 0.33984375 0.0546875 0.08984375
0 0.10234375 0.3546875 0.075 0.11015625
0 0.0703125 0.43984375 0.06015625 0.06015625
0 0.1078125 0.46015625 0.0953125 0.0703125
0 0.1203125 0.5375 0.1 0.0953125
0 0.10234375 0.62265625 0.0953125 0.08515625
0 0.23984375 0.17734375 0.06015625 0.125
0 0.31015625 0.0875 0.1 0.075
0 0.33984375 0.0421875 0.0703125 0.084375
0 0.3296875 0.14765625 0.0796875 0.075
0 0.3328125 0.2046875 0.0953125 0.06015625
0 0.41015625 0.0796875 0.0796875 0.15
0 0.46484375 0.08515625 0.06015625 0.1
0 0.49765625 0.04765625 0.08515625 0.0953125
0 0.5703125 0.02265625 0.0796875 0.0453125
0 0.6328125 0.01484375 0.0453125 0.0296875
0 0.6875 0.03515625 0.06484375 0.0703125
0 0.66015625 0.08984375 0.08984375 0.06015625
0 0.6046875 0.0828125 0.08984375 0.06484375
0 0.6328125 0.1375 0.1453125 0.0546875
0 0.7578125 0.13515625 0.06484375 0.0796875
0 0.7125 0.1828125 0.08515625 0.075
0 0.4625 0.16484375 0.1046875 0.05
0 0.4046875 0.2046875 0.0703125 0.0703125
0 0.47265625 0.21484375 0.075 0.06015625
0 0.5375 0.2 0.08515625 0.0796875
0 0.62734375 0.20234375 0.11484375 0.08515625
0 0.32734375 0.2578125 0.08515625 0.0546875
0 0.1796875 0.3171875 0.06015625 0.075
0 0.2375 0.28984375 0.075 0.0796875
0 0.3625 0.3875 0.16484375 0.23515625
0 0.51015625 0.36015625 0.23984375 0.2296875
0 0.6953125 0.38984375 0.16015625 0.23984375
0 0.7328125 0.2875 0.13515625 0.175
0 0.7875 0.4796875 0.18515625 0.2203125
0 0.8703125 0.4625 0.05 0.0546875
0 0.8546875 0.6125 0.1296875 0.1453125
0 0.8 0.7078125 0.2 0.2046875
0 0.6 0.60234375 0.23984375 0.2953125
0 0.6171875 0.81484375 0.33515625 0.25
0 0.4125 0.78515625 0.225 0.3
0 0.3921875 0.5421875 0.2546875 0.28515625
0 0.19765625 0.3953125 0.11484375 0.11015625
0 0.21015625 0.5078125 0.1 0.11484375
0 0.2078125 0.6171875 0.1046875 0.11484375
0 0.23984375 0.7296875 0.1203125 0.1296875
0 0.225 0.82265625 0.1203125 0.1046875
0 0.2375 0.9046875 0.08515625 0.0796875