0 0.72421875 0.6578125 0.30078125 0.15234375
0 0.8609375 0.42890625 0.19140625 0.09453125
0 0.715625 0.3125 0.196875 0.0578125
0 0.2484375 0.68203125 0.44296875 0.3453125
0 0.390625 0.52890625 0.28984375 0.1421875
0 0.6171875 0.4890625 0.13125 0.10546875
0 0.74296875 0.5 0.1421875 0.0984375
0 0.565625 0.42578125 0.12578125 0.0578125
0 0.5734375 0.34375 0.065625 0.0328125
0 0.390625 0.29296875 0.10390625 0.0984375
0 0.28671875 0.31484375 0.12578125 0.03984375
0 0.19375 0.3578125 0.12578125 0.08359375
0 0.15546875 0.43828125 0.13671875 0.03984375
0 0.38828125 0.4125 0.1640625 0.06171875