0 0.19296875 0.2125 0.38515625 0.425
0 0.2 0.20234375 0.171875 0.2484375
0 0.309375 0.271875 0.0609375 0.07734375
0 0.34921875 0.2953125 0.15625 0.228125
0 0.29765625 0.378125 0.16015625 0.10390625
0 0.1890625 0.4015625 0.103125 0.0984375
0 0.25546875 0.47890625 0.1984375 0.13984375
0 0.0765625 0.653125 0.15234375 0.20703125
0 0.171875 0.68125 0.34375 0.41953125
0 0.440625 0.71484375 0.34765625 0.3109375
0 0.475 0.73046875 0.34765625 0.196875
0 0.70625 0.63984375 0.22109375 0.1296875
0 0.82265625 0.5984375 0.034375 0.05703125
0 0.82265625 0.50234375 0.29375 0.1140625
0 0.65078125 0.546875 0.11796875 0.046875
0 0.6203125 0.50546875 0.06484375 0.08828125
0 0.64921875 0.45625 0.053125 0.0828125
0 0.54765625 0.4640625 0.225 0.18125
0 0.47890625 0.39375 0.0875 0.07265625
0 0.553125 0.37578125 0.03828125 0.05703125
0 0.40078125 0.45625 0.06875 0.0828125
0 0.46171875 0.4609375 0.06875 0.0625