0 0.85703125 0.5875 0.07265625 0.80703125
0 0.79296875 0.71484375 0.090625 0.55234375
0 0.69453125 0.53515625 0.09296875 0.9125
0 0.625 0.728125 0.07734375 0.5265625
0 0.5078125 0.7984375 0.065625 0.3859375
0 0.52578125 0.5484375 0.14765625 0.8859375
0 0.42734375 0.69765625 0.07265625 0.5875
0 0.38046875 0.5046875 0.06171875 0.9734375
0 0.340625 0.69765625 0.08203125 0.5875
0 0.2703125 0.53984375 0.08671875 0.903125
0 0.21015625 0.71953125 0.084375 0.54375
0 0.1421875 0.61875 0.0796875 0.7453125