2 0.11875 0.53046875 0.203125 0.25859375
2 0.36328125 0.328125 0.134375 0.18359375
2 0.22109375 0.28046875 0.075 0.1015625
2 0.29765625 0.6234375 0.1484375 0.1296875
2 0.43125 0.475 0.1078125 0.15
2 0.2640625 0.4421875 0.09375 0.1546875
2 0.45859375 0.628125 0.13046875 0.15
2 0.64296875 0.5171875 0.25546875 0.1953125
2 0.4984375 0.23984375 0.11328125 0.09296875
2 0.5265625 0.3640625 0.10234375 0.125
2 0.62109375 0.3578125 0.115625 0.1046875
2 0.8203125 0.63359375 0.190625 0.14296875
2 0.79140625 0.415625 0.15546875 0.1453125
2 0.62265625 0.26328125 0.13203125 0.11015625
2 0.7035717734375 0.275 0.7635500421875 0.335 0.7935391765625 0.32166666718750003 0.880174453125 0.375 0.880174453125 0.4933333328125 0.9368205953125001 0.5549999999999999 0.9934667390625 0.55 0.9901346140625 0.4683333328125 0.8685120124999999 0.3283333328125 0.72523059375 0.2216666671875 0.6422916671875 0.2316666671875 0.638595315625 0.23500000000000001 0.6969075218749999 0.23500000000000001 0.7035717734375 0.275