2 0.440625 0.8265625 0.36328125 0.2265625
2 0.43125 0.06953125 0.534375 0.11796875
2 0.2484375 0.234375 0.2828125 0.0484375
2 0.24140625 0.2765625 0.19140625 0.05
2 0.2421875 0.3140625 0.18984375 0.03515625
2 0.3625 0.4578125 0.2296875 0.10859375
2 0.35078125 0.3359375 0.23984375 0.11484375
2 0.16796875 0.4171875 0.11484375 0.1546875
2 0.5359375 0.6171875 0.1578125 0.121875
2 0.728125 0.64140625 0.17109375 0.1265625
2 0.53125 0.19453125 0.1984375 0.18828125
2 0.678125 0.41796875 0.26484375 0.26640625
2 0.2796875 0.64765625 0.2515625 0.0984375