2 0.21328125 0.2828125 0.0859375 0.10390625
2 0.2140625 0.46171875 0.0875 0.19140625
2 0.18828125 0.61171875 0.12421875 0.1109375
2 0.3078125 0.628125 0.1078125 0.14765625
2 0.31953125 0.49453125 0.10859375 0.11953125
2 0.459375 0.2546875 0.12421875 0.09296875
2 0.4421875 0.38984375 0.0859375 0.16171875
2 0.540625 0.38515625 0.1015625 0.140625
2 0.4875 0.5828125 0.21171875 0.21171875
2 0.6671875 0.665625 0.21328125 0.12265625
2 0.65703125 0.47578125 0.165625 0.1625
2 0.09296875 0.2921875 0.184375 0.18828125
2 0.33125 0.3234375 0.13984375 0.196875
2 0.59375 0.30703125 0.1203125 0.15625
2 0.7609375 0.42578125 0.19140625 0.37890625
2 0.91171875 0.459375 0.15703125 0.1453125
2 0.82578125 0.23515625 0.16015625 0.13984375
2 0.09140625 0.48046875 0.15859375 0.175