2 0.15546875 0.57578125 0.19296875 0.271875
2 0.11015625 0.35 0.2203125 0.18671875
2 0.2546875 0.3328125 0.07890625 0.10859375
2 0.303125 0.48984375 0.1015625 0.21015625
2 0.33125 0.66640625 0.13828125 0.13671875
2 0.48828125 0.67265625 0.1453125 0.16484375
2 0.45234375 0.51484375 0.1203125 0.146875
2 0.52109375 0.284375 0.12109375 0.0953125
2 0.54375 0.40703125 0.11328125 0.1265625
2 0.64140625 0.3984375 0.11875 0.1
2 0.6453125 0.3015625 0.11328125 0.09296875
2 0.39453125 0.3703125 0.1453125 0.146875
2 0.85390625 0.65703125 0.15390625 0.16015625
2 0.67265625 0.5546875 0.22109375 0.203125
2 0.8140625 0.45390625 0.1734375 0.1453125
2 0.8835065796875 0.4 0.895169021875 0.5183333328125 0.9484830375 0.585 0.998464928125 0.5900000000000001 0.998464928125 0.48666666718749996 0.8735102015624999 0.3533333328125 0.7502215390625 0.25666666718750003 0.6722916671875 0.2683333328125 0.72523059375 0.325 0.7835427984375001 0.3716666671875 0.8835065796875 0.4