2 0.08359375 0.2921875 0.1203125 0.12734375
2 0.08359375 0.5046875 0.1203125 0.2546875
2 0.24375 0.71953125 0.165625 0.21875
2 0.259375 0.5234375 0.146875 0.17421875
2 0.40546875 0.2453125 0.15859375 0.1203125
2 0.40703125 0.38984375 0.11953125 0.1578125
2 0.5359375 0.384375 0.12578125 0.15078125
2 0.60703125 0.27890625 0.1234375 0.203125
2 0.71875 0.475 0.20546875 0.1984375
2 0.5015625 0.61171875 0.3234375 0.28515625
2 0.2421875 0.3296875 0.18984375 0.2125
2 0.88515625 0.41796875 0.18359375 0.434375