2 0.02890625 0.25859375 0.05703125 0.0765625
2 0.16953125 0.315625 0.15703125 0.09765625
2 0.140625 0.3875 0.05859375 0.06015625
2 0.3578125 0.3515625 0.04765625 0.06640625
2 0.2453125 0.446875 0.078125 0.10234375
2 0.27265625 0.60625 0.13046875 0.2359375
2 0.46171875 0.571875 0.090625 0.15546875
2 0.478125 0.44375 0.1515625 0.11796875
0 0.5921875 0.671875 0.1015625 0.34140625
0 0.37890625 0.8203125 0.0921875 0.359375
0 0.75859375 0.55859375 0.0984375 0.259375
0 0.93203125 0.85859375 0.1359375 0.2828125
0 0.8 0.93125 0.15546875 0.1375