2 0.2359375 0.58203125 0.10078125 0.07109375
2 0.271875 0.428125 0.21328125 0.09765625
2 0.3359375 0.2640625 0.034375 0.0578125
0 0.3046875 0.29609375 0.059375 0.134375
0 0.3734375 0.2640625 0.04609375 0.0921875
0 0.5046875 0.26875 0.040625 0.0890625
0 0.46640625 0.2734375 0.04921875 0.121875
0 0.62109375 0.27265625 0.04296875 0.078125
2 0.453125 0.3609375 0.0890625 0.07265625
2 0.6296875 0.35625 0.10078125 0.11015625
2 0.57109375 0.47109375 0.1125 0.0765625
2 0.703125 0.59921875 0.11015625 0.06015625
2 0.5984375 0.7859375 0.4640625 0.278125