2 0.0296875 0.14375 0.059375 0.0515625
2 0.1359375 0.16953125 0.121875 0.059375
0 0.16875 0.33984375 0.07890625 0.2390625
2 0.28125 0.2859375 0.0609375 0.10234375
2 0.271875 0.19296875 0.03828125 0.0453125
2 0.340625 0.2265625 0.0984375 0.0921875
0 0.32734375 0.296875 0.05 0.240625
0 0.35546875 0.425 0.06640625 0.2203125
0 0.50390625 0.38046875 0.05390625 0.1984375
0 0.48125 0.25859375 0.046875 0.18515625
2 0.4921875 0.5921875 0.14921875 0.16171875
2 0.61015625 0.4859375 0.15234375 0.1296875
2 0.70078125 0.6359375 0.25625 0.36328125