2 0.953125 0.05390625 0.09375 0.1078125
2 0.85390625 0.07890625 0.053125 0.0546875
2 0.8171875 0.14375 0.0734375 0.09765625
2 0.6453125 0.17578125 0.0703125 0.1640625
0 0.60859375 0.31640625 0.0671875 0.24921875
2 0.74765625 0.28046875 0.0703125 0.13828125
2 0.9234375 0.2921875 0.153125 0.165625
0 0.80859375 0.3921875 0.09765625 0.24375
0 0.49765625 0.2328125 0.0515625 0.21171875
0 0.42265625 0.43046875 0.084375 0.21015625
0 0.54921875 0.575 0.0734375 0.21484375
2 0.4609375 0.78515625 0.1578125 0.25078125
2 0.25 0.66015625 0.175 0.20859375