2 0.1328125 0.13125 0.1328125 0.10078125
2 0.11015625 0.20859375 0.05 0.0578125
2 0.190625 0.24375 0.07265625 0.08671875
2 0.2890625 0.1296875 0.0421875 0.06328125
2 0.1796875 0.3640625 0.1203125 0.1703125
0 0.23515625 0.4890625 0.11171875 0.22890625
2 0.3765625 0.1921875 0.121875 0.1109375
2 0.33359375 0.30703125 0.08359375 0.11484375
0 0.40625 0.36484375 0.07890625 0.24921875
0 0.475 0.58046875 0.08828125 0.225
0 0.51328125 0.24921875 0.05859375 0.215625
0 0.634375 0.4484375 0.05859375 0.20859375
2 0.68515625 0.83046875 0.18671875 0.24375
2 0.78203125 0.57890625 0.20546875 0.15234375