2 0.690625 0.16796875 0.1515625 0.06796875
2 0.59140625 0.21171875 0.04453125 0.025
2 0.82890625 0.22265625 0.06796875 0.0453125
2 0.60390625 0.2609375 0.08515625 0.059375
2 0.81875 0.3171875 0.17734375 0.09296875
2 0.4546875 0.33828125 0.09765625 0.11796875
2 0.6375 0.37265625 0.09921875 0.08984375
0 0.81875 0.4265625 0.09921875 0.16953125
0 0.34609375 0.42265625 0.096875 0.1515625
0 0.56171875 0.4390625 0.0890625 0.18828125
0 0.40390625 0.603125 0.12265625 0.1515625
0 0.67734375 0.6484375 0.09921875 0.15390625
2 0.35078125 0.86953125 0.278125 0.2109375
2 0.72109375 0.8578125 0.2234375 0.22265625