2 0.04609375 0.68671875 0.0921875 0.2015625
0 0.22421875 0.48203125 0.115625 0.2171875
0 0.2859375 0.684375 0.1046875 0.21328125
0 0.3828125 0.28046875 0.0625 0.21875
0 0.45546875 0.40234375 0.0671875 0.26328125
2 0.56796875 0.25078125 0.0703125 0.17890625
2 0.6421875 0.3890625 0.0671875 0.15234375
0 0.63046875 0.55546875 0.078125 0.24609375
2 0.87890625 0.459375 0.2421875 0.1984375
2 0.7796875 0.25078125 0.078125 0.10625
2 0.85546875 0.184375 0.0609375 0.06640625
2 0.95859375 0.178125 0.0828125 0.1421875