1 0.0012166390625 0.483045584375 0 0.60423161875 0.010416640625 0.595555553125 0.0387034703125 0.6209085984375 0.1886507953125 0.531964740625 0.16199351875 0.3885427171875 0.0012166390625 0.483045584375
1 0 0.45636241718750004 0.0795224515625 0.45080340625000004 0.101181521875 0.31182861093750003 0 0.30055555312500004 0 0.45636241718750004
1 0.46855246875 0.2351144796875 0.42106915 0.252903265625 0.4102395953125 0.2184375 0.36358934062500003 0.26624485 0.3236033875 0.2017605203125 0.2869496234375 0.19397792187500001 0.250416640625 0.35055555312500003 0.41940309375 0.3941016765625 0.4452273046875 0.3685303421875 0.48354720156250003 0.238449875 0.46855246875 0.2351144796875
1 0.5660182296875 0.23066727656250002 0.39916664062499996 0.4138888859375 0.49187763437500004 0.57421305625 0.6718144234375 0.3941016765625 0.5660182296875 0.23066727656250002
1 0.285283490625 0.7265295375 0.40107617187500005 0.579772065625 0.42606739375 0.5230703359375 0.316666640625 0.40888888593750006 0.1894838609375 0.626467609375 0.19948035 0.63202661875 0.285283490625 0.7265295375
1 0.4110726609375 0 0.28611655625 0.1439469828125 0.360257153125 0.26735663125000003 0.5127036 0.100083665625 0.469385534375 0.032263965625 0.4110726609375 0
1 0.42106915 0.26129445156250003 0.501874121875 0.21793430468750002 0.578513840625 0.1445555953125 0.53686183125 0.033375748437500005 0.490416640625 0.0609682203125 0.5160357890625 0.0967482703125 0.4135717828125 0.2190461375 0.42106915 0.26129445156250003
1 0.6784787234375 0.11342525 0.5829166406249999 0.2559682203125 0.6734804796875 0.39582212031249997 0.7892731625 0.21015173125 0.6784787234375 0.11342525
1 0.28111831249999997 0.7261087109375 0.3877474953125 0.919561725 0.44356124843750006 0.8680108343749999 0.4252343265625 0.8302097484375001 0.571016475 0.6756697046875 0.58434515 0.6934585156249999 0.7384576546875 0.511123471875 0.654166640625 0.39763488593749996 0.49021150156250004 0.5771276765625 0.45855598124999997 0.5081961953125 0.28111831249999997 0.7261087109375
1 0.6218319812499999 1 0.7059690671875 0.925120684375 0.5701834078125 0.6816367828125001 0.430416640625 0.8302482203125001 0.5168688546875 1 0.6218319812499999 1
1 0.101181521875 0.65161821875 0.005416640625 0.5969148859375 0 0.937350434375 0.0020496671875 0.926232515625 0.101181521875 0.65161821875