1 0 0.5085481109375001 0.161507471875 0.483532640625 0.14262524999999998 0.32009825468750003 0 0.335416665625 0 0.5085481109375001
1 0 0.24416666562499997 0.09597497031249999 0.23838104218749998 0.109303621875 0.16542733437499998 0.006006525 0.16792888125 0 0.24416666562499997
1 0.379337546875 0.149666221875 0.37211784375 0.15633702656249998 0.1327777609375 0.1408333328125 0.08568408749999999 0.2301326609375 0.560385090625 0.24889426406249998 0.5587190093750001 0.1542523984375 0.379337546875 0.149666221875
1 0.24771711718749997 0.14466312812499998 0.37322854687499996 0.1571708625 0.413769878125 0.093798353125 0.321580025 0.078372134375 0.2910352328125 0.08087368125 0.26920976093750004 0.0758333328125 0.20662040781250002 0.13257233125 0.20828649062500001 0.1388261984375 0.24494027968749998 0.1367415703125 0.24771711718749997 0.14466312812499998
1 0.7324290343750001 0.160089346875 0.739093359375 0.11797996718749999 0.43670976093749997 0.06770833281250001 0.40710555312499996 0.107139925 0.4026626859375 0.134656940625 0.725764709375 0.1876063640625 0.7324290343750001 0.160089346875
1 0.72735509375 0.1764583328125 0.71521284375 0.2397219125 1 0.24514194374999998 0.9983968359375 0.173014 0.72735509375 0.1764583328125
1 0.6282355921875 0.4015342609375 0.64156424375 0.3965311671875 0.7448612890625 0.454483684375 0.8376064703124999 0.42404818437499997 0.8226117374999999 0.4107066125 0.8559333656250001 0.397781940625 0.789290109375 0.32023398593749997 0.5527777609375 0.3777083328125 0.5721442015625 0.4215466375 0.608242615625 0.40236811718750004 0.6282355921875 0.4015342609375
1 0.5132759765625 0.46297827343750003 0.4955044328125 0.48090602968749996 0.5005026765625 0.4829906484375 0.7120950390624999 0.6255788328125 0.859265528125 0.5132700375 0.64111109375 0.3945833328125 0.6037997484375001 0.4046428875 0.4955044328125 0.45047053750000005 0.5132759765625 0.46297827343750003
1 0.3273648515625 0.677634428125 0.685572375 0.6125942078125 0.694458109375 0.6175973015625 0.5344444265625 0.5112818328125 0.28571281718749997 0.5463972078125 0.27960384375 0.5547357046875 0.30903795624999997 0.66971286875 0.3273648515625 0.677634428125
1 0.7477727140625 0.7201607250000001 0.769431771875 0.784784046875 0.8088623984375 0.8091640999999999 0.8332982921875001 0.8095810171875 0.9399275015624999 0.69617755 0.7583245796875 0.5927802796874999 0.71334038125 0.62446654375 0.6913042609375 0.6150035828125 0.6233719859375 0.6751328812499999 0.6200398234375 0.6901421625 0.6639133171875 0.7239130453125 0.7477727140625 0.7201607250000001
1 0.749994171875 0.7203591828125 0.4529709265625 0.7286085828125 0.4689817953125 0.94909485 0.801642746875 0.9395056 0.749994171875 0.7203591828125
1 0.1391854921875 0.8721672968749999 0.1569570109375 0.8838411562499999 0.36963759375 0.7391395828125 0.1669560453125 0.5657277781250001 0.0009007374999999999 0.6407741859375 0.000345359375 0.7337483406249999 0.1391854921875 0.8721672968749999
1 0.9971251296875 0.978819946875 1 0.727831378125 0.9426998734375 0.6936435765625 0.8388888546875 0.8104166656249999 0.7961809875 0.8648801359375 0.8139524546875 0.8815570906250001 0.9882392953125001 0.9888261343750001 0.9971251296875 0.978819946875
1 0.756959203125 0.5930932734375001 1 0.727342971875 0.9990964328124999 0.5480654281249999 0.790555521875 0.445416665625 0.7525163874999999 0.4688498015625 0.8591455968749999 0.5197145765625 0.756959203125 0.5930932734375001