1 0.077092646875 0.3067566453125 0.0626533421875 0.295082765625 0.000555521875 0.314166665625 0.0015636578125000002 0.5594128859375 0.1448466578125 0.5202220093750001 0.077092646875 0.3067566453125
1 0.40919827187499996 0.780382890625 0.1772221890625 0.614166665625 0 0.757456025 0.2214864015625 0.9308966375000001 0.40919827187499996 0.780382890625
1 0.34388885468749997 0.723908415625 0.6957642703125 0.62904325625 0.5569240875 0.5214767375 0.2825760859375 0.585683121875 0.34388885468749997 0.723908415625
1 0.7479681203124999 0.7449482890625 0.48222218906250003 0.763908415625 0.5080524 0.943404371875 0.7846219109375 0.9300627625000001 0.7479681203124999 0.7449482890625
1 0.746857365625 0.74161286875 0.7601860171875 0.80331770625 0.8246078640625001 0.8300008859375 0.9412336625 0.7124281796874999 0.782400503125 0.6157016859375 0.710203575 0.656560271875 0.6972221890625 0.633908415625 0.6280102609375 0.6990865703125 0.6257888515625 0.7140958515625 0.6890999453125 0.749117509375 0.746857365625 0.74161286875
1 1 0.75662215 0.9405555218749999 0.7089084156250001 0.78351115625 0.8775302765624999 0.9490086421875 0.9784260296875 0.964558803125 0.9675859671874999 1 0.9292288890625 1 0.75662215
1 1 0.5406552765625 0.8390472703125 0.4264179546875 0.78351115625 0.46310732187500003 0.8890297109375 0.524812140625 0.7938888546875 0.592658415625 0.782400503125 0.6048616609375 1 0.7632929546875 1 0.5406552765625
1 0.49555552187499996 0.47890841562500003 0.7168679 0.651557178125 0.892361875 0.5214767375 0.657999725 0.3724170625 0.49555552187499996 0.47890841562500003
1 0.64689248125 0.37325091875 0.7513002828124999 0.436623428125 0.8779225703125 0.395764840625 0.86792608125 0.3782540125 0.9234619921875 0.354906234375 0.8322221890625 0.24774941562500002 0.5680313296875 0.339896953125 0.553591925 0.34740159375 0.58469214375 0.410774121875 0.64689248125 0.37325091875
1 0.775555521875 0 0.7551848453125001 0.11474087343749999 1 0.1180762578125 0.9995435859375 0.0021712625 0.775555521875 0
1 0 0.175416665625 0.553033671875 0.1539317890625 0.5441479375 0 0.0010053546875 0.004672809375 0 0.175416665625