1 0.6205854937499999 0.7518946140625 0.5504166406250001 0.9972222203125 0.6780653015625 1 0.7238824890625 0.814155303125 0.6205854937499999 0.7518946140625
1 0.8046875375000001 0.437255565625 0.715416640625 0.805555553125 0.80801965 0.8508446578125 0.9188140109375 0.49729269218749994 0.8046875375000001 0.437255565625
1 0.5764342859375 0.53064665 0.44541664062499997 0.510555553125 0.435650459375 0.7530063953125 0.5672708640625 0.7574535734375 0.5764342859375 0.53064665
1 0.070778596875 0.824161490625 0.0974359125 0.8152671359375001 0.098268940625 0.7952547609375 0.1649122078125 0.736329415625 0.1240931890625 0.5862366 0.109931521875 0.578454 0.026666640624999998 0.6238888859375 0.0149648828125 0.638491153125 0.057449959375000005 0.7997019375 0.070778596875 0.824161490625
1 0.3507496390625 1 0.438496575 0.9547050390624999 0.375740859375 0.7738524375 0.23361109375 0.8614814796875001 0.27688667968749997 1 0.3507496390625 1
1 0.429610840625 0.53243595 0.3274245 0.5692814875 0.3640782890625 0.77755844375 0.3735194 0.771628840625 0.3868480515625 0.8049827984375 0.47181820312499995 0.7827468265624999 0.4677777609375 0.7492592578124999 0.4340537078125 0.7481248859375 0.4451609 0.5717194796875 0.429610840625 0.53243595
1 0.3579693421875 0.5576367078125 0.45460206249999996 0.378266515625 0.37518548125 0.2904109359375 0.36574437187500003 0.2904109359375 0.234444428125 0.5437805906250001 0.3113190625 0.6250858140625 0.3313120390625 0.6058146609375 0.328535203125 0.5613427140625 0.3579693421875 0.5576367078125
1 0.3124297671875 0.3934375984375 0.26411340625 0.2800341359375 0.17861109375 0.3428928140625 0.23467929375000002 0.47867548125 0.2879939234375 0.43346234843750003 0.3124297671875 0.3934375984375
1 0.16861109375 0.30955947968749997 0.0725089296875 0.38750799375 0.1508147546875 0.5757726078125 0.24244923125 0.5046174609375 0.16861109375 0.30955947968749997
1 0.38184469062500004 0.2963405046875 0.4523754875 0.37564881875 0.5279045265625 0.3786136046875 0.547897503125 0.2904109359375 0.5634475625 0.231856184375 0.54567604375 0.216291003125 0.49680430624999994 0.247421365625 0.477922084375 0.2096202109375 0.37197442812500003 0.200670590625 0.3640731734375 0.2192558046875 0.3657392546875 0.2963405046875 0.370182121875 0.288928525 0.38184469062500004 0.2963405046875
1 0.7011769906249999 0.2600217609375 0.5686410937499999 0.196226146875 0.5106883359375 0.439391953125 0.640642734375 0.4875698703125 0.7011769906249999 0.2600217609375
1 0.57455480625 0.0154445640625 0.5678904796875 0.013220967187499998 0.458484434375 0.1325355109375 0.44126829375 0.1280883171875 0.4373807546875 0.13550031406250002 0.49864109375 0.2451150359375 0.6334229812500001 0.1362600046875 0.6334229812500001 0.1221772328125 0.57455480625 0.0154445640625
1 0.44114109375000005 0.1272732578125 0.462927353125 0.130330434375 0.572333346875 0.001554240625 0.3651838765625 0.0022954296875 0.44114109375000005 0.1272732578125
1 0.6519744281250001 0 0.6300908187500001 0.0408377703125 0.6312015734374999 0.0541793546875 0.718948559375 0.1446056546875 0.812672084375 0 0.6519744281250001 0
1 0.64217640625 0.4916091890625 0.608854778125 0.470855625 0.5888618015625 0.627248621875 0.736032340625 0.6783913593750001 0.7815718640625 0.42966960624999995 0.7621342656250001 0.4192928421875 0.8093399218749999 0.22761994218749998 0.8232239 0.23429073437499998 0.82822214375 0.200936775 0.6742747609374999 0.151800146875 0.659392596875 0.2373779109375 0.7027107125 0.26183748125 0.64217640625 0.4916091890625
1 0.948180003125 0.336857825 0.9570658390625001 0.30128026874999997 0.8117747609375 0.228206590625 0.76324496875 0.4183897015625 0.9059726421875001 0.47916805 0.946513921875 0.36502336875 0.948180003125 0.336857825
1 0.29517260625 0.6115655875 0.09361109375 0.7948148140625 0.1496681984375 0.9362107890625 0.3601497796875 0.7338634374999999 0.29517260625 0.6115655875